1 2 3 4 5 6 7 8 9 10
17 12981250 712857 151258 1285 1725 08125 
128 7512085 70127 508172 5081275 08175 0
518 751275 57182 701257 0125 71080180127 801
5182 5712057 018257 08127 508175 081275 08
8152 751 07122195 217 129857 1125 79125 7125 98125 
17 12981250 712857 151258 1285 1725 08125 
128 7512085 70127 508172 5081275 08175 0
518 751275 57182 701257 0125 71080180127 801
5182 5712057 018257 08127 508175 081275 08
8152 751 07122195 217 129857 1125 79125 7125 98125 
17 12981250 712857 151258 1285 1725 08125 
128 7512085 70127 508172 5081275 08175 0
518 751275 57182 701257 0125 71080180127 801
5182 5712057 018257 08127 508175 081275 08
8152 751 07122195 217 129857 1125 79125 7125 98125 
17 12981250 712857 151258 1285 1725 08125 
128 7512085 70127 508172 5081275 08175 0
518 751275 57182 701257 0125 71080180127 801
5182 5712057 018257 08127 508175 081275 08
8152 751 07122195 217 129857 1125 79125 7125 98125 
17 12981250 712857 151258 1285 1725 08125 
128 7512085 70127 508172 5081275 08175 0
518 751275 57182 701257 0125 71080180127 801
5182 5712057 018257 08127 508175 081275 08
8152 751 07122195 217 129857 1125 79125 7125 98125 
17 12981250 712857 151258 1285 1725 08125 
128 7512085 70127 508172 5081275 08175 0
518 751275 57182 701257 0125 71080180127 801
5182 5712057 018257 08127 508175 081275 08
8152 751 07122195 217 129857 1125 79125 7125 98125 
17 12981250 712857 151258 1285 1725 08125 
128 7512085 70127 508172 5081275 08175 0
518 751275 57182 701257 0125 71080180127 801
5182 5712057 018257 08127 508175 081275 08
8152 751 07122195 217 129857 1125 79125 7125 98125 
17 12981250 712857 151258 1285 1725 08125 
128 7512085 70127 508172 5081275 08175 0
518 751275 57182 701257 0125 71080180127 801
5182 5712057 018257 08127 508175 081275 08
8152 751 07122195 217 129857 1125 79125 7125 98125 
17 12981250 712857 151258 1285 1725 08125 
128 7512085 70127 508172 5081275 08175 0
518 751275 57182 701257 0125 71080180127 801
5182 5712057 018257 08127 508175 081275 08
8152 751 07122195 217 129857 1125 79125 7125 98125 
17 12981250 712857 151258 1285 1725 08125 
128 7512085 70127 508172 5081275 08175 0
518 751275 57182 701257 0125 71080180127 801
5182 5712057 018257 08127 508175 081275 08
8152 751 07122195 217 129857 1125 79125 7125 98125 
17 12981250 712857 151258 1285 1725 08125 
128 7512085 70127 508172 5081275 08175 0
518 751275 57182 701257 0125 71080180127 801
5182 5712057 018257 08127 508175 081275 08
8152 751 07122195 217 129857 1125 79125 7125 98125 
17 12981250 712857 151258 1285 1725 08125 
128 7512085 70127 508172 5081275 08175 0
518 751275 57182 701257 0125 71080180127 801
5182 5712057 018257 08127 508175 081275 08
8152 751 07122195 217 129857 1125 79125 7125 98125 
17 12981250 712857 151258 1285 1725 08125 
128 7512085 70127 508172 5081275 08175 0
518 751275 57182 701257 0125 71080180127 801
5182 5712057 018257 08127 508175 081275 08
8152 751 07122195 217 129857 1125 79125 7125 98125 
17 12981250 712857 151258 1285 1725 08125 
128 7512085 70127 508172 5081275 08175 0
518 751275 57182 701257 0125 71080180127 801
5182 5712057 018257 08127 508175 081275 08
8152 751 07122195 217 129857 1125 79125 7125 98125 
17 12981250 712857 151258 1285 1725 08125 
128 7512085 70127 508172 5081275 08175 0
518 751275 57182 701257 0125 71080180127 801
5182 5712057 018257 08127 508175 081275 08
8152 751 07122195 217 129857 1125 79125 7125 98125 
17 12981250 712857 151258 1285 1725 08125 
128 7512085 70127 508172 5081275 08175 0
518 751275 57182 701257 0125 71080180127 801
5182 5712057 018257 08127 508175 081275 08
8152 751 07122195 217 129857 1125 79125 7125 98125 
17 12981250 712857 151258 1285 1725 08125 
128 7512085 70127 508172 5081275 08175 0
518 751275 57182 701257 0125 71080180127 801
5182 5712057 018257 08127 508175 081275 08
8152 751 07122195 217 129857 1125 79125 7125 98125 
17 12981250 712857 151258 1285 1725 08125 
128 7512085 70127 508172 5081275 08175 0
518 751275 57182 701257 0125 71080180127 801
5182 5712057 018257 08127 508175 081275 08
8152 751 07122195 217 129857 1125 79125 7125 98125 
17 12981250 712857 151258 1285 1725 08125 
128 7512085 70127 508172 5081275 08175 0
518 751275 57182 701257 0125 71080180127 801
5182 5712057 018257 08127 508175 081275 08
8152 751 07122195 217 129857 1125 79125 7125 98125 
17 12981250 712857 151258 1285 1725 08125 
128 7512085 70127 508172 5081275 08175 0
518 751275 57182 701257 0125 71080180127 801
5182 5712057 018257 08127 508175 081275 08
8152 751 07122195 217 129857 1125 79125 7125 98125 
17 12981250 712857 151258 1285 1725 08125 
128 7512085 70127 508172 5081275 08175 0
518 751275 57182 701257 0125 71080180127 801
5182 5712057 018257 08127 508175 081275 08
8152 751 07122195 217 129857 1125 79125 7125 98125 
17 12981250 712857 151258 1285 1725 08125 
128 7512085 70127 508172 5081275 08175 0
518 751275 57182 701257 0125 71080180127 801
5182 5712057 018257 08127 508175 081275 08
8152 751 07122195 217 129857 1125 79125 7125 98125 
17 12981250 712857 151258 1285 1725 08125 
128 7512085 70127 508172 5081275 08175 0
518 751275 57182 701257 0125 71080180127 801
5182 5712057 018257 08127 508175 081275 08
8152 751 07122195 217 129857 1125 79125 7125 98125 
17 12981250 712857 151258 1285 1725 08125 
128 7512085 70127 508172 5081275 08175 0
518 751275 57182 701257 0125 71080180127 801
5182 5712057 018257 08127 508175 081275 08
8152 751 07122195 217 129857 1125 79125 7125 98125 
17 12981250 712857 151258 1285 1725 08125 
128 7512085 70127 508172 5081275 08175 0
518 751275 57182 701257 0125 71080180127 801
5182 5712057 018257 08127 508175 081275 08
8152 751 07122195 217 129857 1125 79125 7125 98125 
17 12981250 712857 151258 1285 1725 08125 
128 7512085 70127 508172 5081275 08175 0
518 751275 57182 701257 0125 71080180127 801
5182 5712057 018257 08127 508175 081275 08
8152 751 07122195 217 129857 1125 79125 7125 98125 
17 12981250 712857 151258 1285 1725 08125 
128 7512085 70127 508172 5081275 08175 0
518 751275 57182 701257 0125 71080180127 801
5182 5712057 018257 08127 508175 081275 08
8152 751 07122195 217 129857 1125 79125 7125 98125 
17 12981250 712857 151258 1285 1725 08125 
128 7512085 70127 508172 5081275 08175 0
518 751275 57182 701257 0125 71080180127 801
5182 5712057 018257 08127 508175 081275 08
8152 751 07122195 217 129857 1125 79125 7125 98125 
17 12981250 712857 151258 1285 1725 08125 
128 7512085 70127 508172 5081275 08175 0
518 751275 57182 701257 0125 71080180127 801
5182 5712057 018257 08127 508175 081275 08
8152 751 07122195 217 129857 1125 79125 7125 98125 
17 12981250 712857 151258 1285 1725 08125 
128 7512085 70127 508172 5081275 08175 0
518 751275 57182 701257 0125 71080180127 801
5182 5712057 018257 08127 508175 081275 08
8152 751 07122195 217 129857 1125 79125 7125 98125 
17 12981250 712857 151258 1285 1725 08125 
128 7512085 70127 508172 5081275 08175 0
518 751275 57182 701257 0125 71080180127 801
5182 5712057 018257 08127 508175 081275 08
8152 751 07122195 217 129857 1125 79125 7125 98125 
17 12981250 712857 151258 1285 1725 08125 
128 7512085 70127 508172 5081275 08175 0
518 751275 57182 701257 0125 71080180127 801
5182 5712057 018257 08127 508175 081275 08
8152 751 07122195 217 129857 1125 79125 7125 98125 
17 12981250 712857 151258 1285 1725 08125 
128 7512085 70127 508172 5081275 08175 0
518 751275 57182 701257 0125 71080180127 801
5182 5712057 018257 08127 508175 081275 08
8152 751 07122195 217 129857 1125 79125 7125 98125 
17 12981250 712857 151258 1285 1725 08125 
128 7512085 70127 508172 5081275 08175 0
518 751275 57182 701257 0125 71080180127 801
5182 5712057 018257 08127 508175 081275 08
8152 751 07122195 217 129857 1125 79125 7125 98125 
17 12981250 712857 151258 1285 1725 08125 
128 7512085 70127 508172 5081275 08175 0
518 751275 57182 701257 0125 71080180127 801
5182 5712057 018257 08127 508175 081275 08
8152 751 07122195 217 129857 1125 79125 7125 98125 
17 12981250 712857 151258 1285 1725 08125 
128 7512085 70127 508172 5081275 08175 0
518 751275 57182 701257 0125 71080180127 801
5182 5712057 018257 08127 508175 081275 08
8152 751 07122195 217 129857 1125 79125 7125 98125 
17 12981250 712857 151258 1285 1725 08125 
128 7512085 70127 508172 5081275 08175 0
518 751275 57182 701257 0125 71080180127 801
5182 5712057 018257 08127 508175 081275 08
8152 751 07122195 217 129857 1125 79125 7125 98125 
17 12981250 712857 151258 1285 1725 08125 
128 7512085 70127 508172 5081275 08175 0
518 751275 57182 701257 0125 71080180127 801
5182 5712057 018257 08127 508175 081275 08
8152 751 07122195 217 129857 1125 79125 7125 98125 
17 12981250 712857 151258 1285 1725 08125 
128 7512085 70127 508172 5081275 08175 0
518 751275 57182 701257 0125 71080180127 801
5182 5712057 018257 08127 508175 081275 08
8152 751 07122195 217 129857 1125 79125 7125 98125 
17 12981250 712857 151258 1285 1725 08125 
128 7512085 70127 508172 5081275 08175 0
518 751275 57182 701257 0125 71080180127 801
5182 5712057 018257 08127 508175 081275 08
8152 751 07122195 217 129857 1125 79125 7125 98125 
17 12981250 712857 151258 1285 1725 08125 
128 7512085 70127 508172 5081275 08175 0
518 751275 57182 701257 0125 71080180127 801
5182 5712057 018257 08127 508175 081275 08
8152 751 07122195 217 129857 1125 79125 7125 98125 
17 12981250 712857 151258 1285 1725 08125 
128 7512085 70127 508172 5081275 08175 0
518 751275 57182 701257 0125 71080180127 801
5182 5712057 018257 08127 508175 081275 08
8152 751 07122195 217 129857 1125 79125 7125 98125 
17 12981250 712857 151258 1285 1725 08125 
128 7512085 70127 508172 5081275 08175 0
518 751275 57182 701257 0125 71080180127 801
5182 5712057 018257 08127 508175 081275 08
8152 751 07122195 217 129857 1125 79125 7125 98125 
17 12981250 712857 151258 1285 1725 08125 
128 7512085 70127 508172 5081275 08175 0
518 751275 57182 701257 0125 71080180127 801
5182 5712057 018257 08127 508175 081275 08
8152 751 07122195 217 129857 1125 79125 7125 98125 
17 12981250 712857 151258 1285 1725 08125 
128 7512085 70127 508172 5081275 08175 0
518 751275 57182 701257 0125 71080180127 801
5182 5712057 018257 08127 508175 081275 08
8152 751 07122195 217 129857 1125 79125 7125 98125 
17 12981250 712857 151258 1285 1725 08125 
128 7512085 70127 508172 5081275 08175 0
518 751275 57182 701257 0125 71080180127 801
5182 5712057 018257 08127 508175 081275 08
8152 751 07122195 217 129857 1125 79125 7125 98125 
17 12981250 712857 151258 1285 1725 08125 
128 7512085 70127 508172 5081275 08175 0
518 751275 57182 701257 0125 71080180127 801
5182 5712057 018257 08127 508175 081275 08


